43
19
71
59
61
61
79
53
43
13
71
41
47
89
43
53
41
61
53
83
11
17
67
17
79
17
73
29
97
47
19
97
31
37
71
19
79
17
67
5
5
89
29
11
3
79
2
29
11
23
7
5
7
43
83
71
23
37
7
41
7
37
59
53
61
41
19
2
2
7
47
61
29
59
67
11
61
17
97
53
29
59
53
11
61
13
71
31
23
41
29
11
97
61
29
31
19
2
83
43
4331
115
4717
2263
1357
2291
781
8633
1349
3713
4307
166
1633
26
1457
1541
2419
2581
851
237
989
2077
185
4331
589
2627
247
4717
649
34
1829
194
253
3977
2059
7081
5183
57
21
1067
33
2581
3233
4891
2701
323
4559
2077
35
77
14
8051
395
2231
451
77
1157
122
415
5429
469
1961
3649
21
1633
1007
6499
1357
4661
2291
2623
551
143
3071
118
34
7387
2627
7663
4891
2759
259
5429
689
713
259
2581
553
4559
3649
511
871
2257
3139
703
267
5723
295
95
581
5141
46
377
291
1189
7031
2623
7387
177
377
437
371
485
679
4453
949
39
767
118
3977
1247
803
91
2537
106
4331
7031
55
533
38
249
215
737
2117
1927
989
3827
8633
4819
1207
3397
2627
377
1541
253
1817
2701
1349
1513
122
7031
1679
1763
86
493
7031
145
1739
3149
6319
4087
235
2173
85
221
6499
1891
1363
1541
217
341
611
1081
194
2491
2419
649
737
259
329
517
817
4171
26
893
1003
1577
979
1121
1219
7031
1387
2077
497
1643
253
1909
893
1247
133
54473
16165
75757
19393
1065
243601
4958
3485
29279
6815
76067
18469
24893
1558
72293
24857
405953
9717
3619
1659
506
410
1015
16643
100181
49321
7973
3451
1562
30073
347189
57749
22919
20999
1298
10947
59719
112631
15326
2494
134539
33019
46657
7259
75563
58007
6693
5621
366
17889
132053
5695
2337
40255
129859
18139
58007
4611
386389
962
14555
142013
40687
14555
72197
396317
24149
10767
221063
241627
112201
6061
6919
233479
24149
185791
10585
203557
144491
7906
861
119209
5673
31331
1311
11063
229969
25705
9503
742
256409
84323
39121
957
75757
127571
89059
2139
2387
297277
146261
65059
2555
1015
24827
430
9061
171667
11951
228997
439319
222589
88559
38947
14673
18601
2555
3074
1298
8671
7843
15953
10235
33263
465547
63307
1023
1705
2379
229969
1281
42347
14663
297277
4503
110983
885
14573
1034
7298
58349
8113
128207
4551
30889
114
23069
20461
136793
13115
14147
135407
35629
110983
1358
116449
20677
21359
1702
18067
1645
3783
77891
1443
6231
63307
3567
22661
78131
66833
409457
83731
111569
219511
110081
431941
344341
203557
47377
92929
80869
1054
169979
6603
369599
18907
69967
154283
69479
62567
2847
5246
3818
89723
161269
34151
375293
119527
33299
49979
5482811
714917
218519
82533
9206783
2740153
673463
4570229
425006
596195
12803767
3501791
288627
4620079
103305
1085093
48585
48422497
811502
7399727
6486
5071967
3901631
645746
6063329
28623
1229977
4864547
3438373
1274813
9991291
2944867
795851
1446367
6942
1547381
6345037
1931141
1811641
723399
2887069
804593
2940749
40227
6637087
9222
7176571
903959
195455
21503557
1340963
136591
521807
85766
597635
2832691
128945
104673
13149271
5204827
246441
68714
191337
477485
90335
74222
234987
242962
9639869
10906327
174317
2067671
276501
287419
49445
395857
62698
1963703
1199299
471653
3247043
1813553
208527
595677
635239
95642
7781581
74307
2493023
723503
220759
21567
961667
23865
15585281
540547
8398
415541
6019907
8235793
1908087
456605
1995
846713
2014891
532933
11563273
11219027
34185
1816879
14950541
171185
219317
4222313
2618
137618
924537
196881
1163539
281793
7311509
5008837
709341
4240583
747799
16490
1344905
873613
131979
513033
3523637
74347
411445
33117
1980721
845339
2987087
244311
1914727
1302899
21504803
78085
2012023
165189
734483
5703563
1338115
130587
2010599
13543037
10778297
4458217
905293
200499
1790393
18557057
805017
127322
41433683
4930
7502077
1692121
2231671
56090
25122
1435983
8348887
1184493
29127
9249241
67166
294298
2630869
1630861
740993
145985
5270
820135
481663
1218841
66994
10167221
592615
1433078
1585451
18122
43946
125134
437969
456617
873613
491533
664631
12922
1219207
1945961
272182
11262659
88642
515933
11766779
971067
481151
1711177
2878979
194097
217281
444454
6222593
858
59163
1065953
312051
1447477
22737
3795
51578
561993
319033
6327407
518833
498797
1128965
4442257
1479929
8981747
3387757
423181
2123233
715819
1882597
127239
108946
8283703
3772621
2595587
59455
10028813
149978
2726029
3319751
1595773
500691
56782
609739
399931
8295
373749
164294
36146
39974
1499347
38665
6337957
9555761
2848639
527465
238418
58045
1403299
49647
179062
1295111
2375767
6025931
1661497
3933253
838113
62662
337479
2545933
126087
222518
1106237
123398
253897
1588205
1017127
6606053
9858
794167
3648467
2889997
6684523
1422869
1296407
20484151
383542
2119811
457015
601885
1747993
8173591
353165
2892427
1977149
167649
1960661
1887523
1750719
59126
636433
20014039
18171107
165927
1024303
4241569
596099
1840787
12782911
2617571
41002
3235501
18705
1226159
4320067
3530029
2745329
1161769
4771271
342023
31255
14884627
7030
39345
954583
258419
13430147
536331
30378
328135
9751997
395219
6351679
100749
16258787
1450519
2910
168905
831079
656051
201603
224458
4199179
193285
77285
396245
22070309
31270
7419647
29822
1804913
23295029
858745
178321
863211
2473489
38442749
3846589
514509
432883
2878979
10972009
44462
11295553
15295
2260111
5984803
258014
2630869
5516293
166083
13630
7555573
636433
563902
122759
1433078
304381
866437
580715
11470
11973971
651039
7341391
339958
1110
71126
41943
537674
1604759
196779
66185
6578
2830951
387021
2287163
63687
27202939
117363
1440299
4476433
489769
12859699
2112979
580957
655603
12191833
2756389
13490
103587
2247587
114034
9102
75482
25365
180245
715765
16254803
1855513
1865213
627361
69377
2749121
7555573
2285837
3974417
315085
4283359
10245769
1556537
189007
178118
5794489
17602709
1371223
476765
788181
38665
175015
2609747
487531
298595
2186303
2208713
9720899
1261297
18655
382202
515247
615791
238773
2546201
2839787
86691
1032913
474677
116795
25370
100533
303902
735163
191487
18348229
185566
235505
4983199
161727
49555
2108677
591409
886483
2895953
4079459
208437
657083
24955
27349247
2168707
63591
3970889
16430
527133
2004367
6464953
148701
4276543
261706
315491
187891
1753567
440671
1992283
131254
331347
137643
4951693
5931979
565239
3747523
