1337099 4176209
1097881 40198049
291803 24407909
18935627 36176993
30209957 25330303
168041 1227113
6559711 24893441
58447723 44698481
10116637 34075043
18153313 1806667
73947647 60239833
41724401 7062917
7187849 166483
1492259 802871
59821 3017107
24917701 8089847
51294517 65457061
871721 786143
5803097 2640679
30104621 3307841
815959 9361379
24510623 18498013
5736109 352571
11640983 8902823
23406623 16549657
1110847 17534047
29835373 30601091
19037561 21126113
16522531 11284349
10196071 29610353
33752923 61656937
4039939 515443
19789097 14711569
18138641 19322561
1395937 748571
5625671 25596031
37053911 1311707
16023949 22477921
5707981 3280171
2927471 22995991
684877 4418971
70739393 57661993
47725499 9482191
14245723 12237737
42613757 2650447
286907 52319
34044271 23093869
81549857 22421671
2571253 7970981
21963559 7017341
4904513 3671911
14267411 12944483
1492781 2970419
4145237 25686247
12013597 140047
72046181 77550961
3579937 46215737
67315301 42106247
1829447 1723297
32386199 73344983
14742397 36096563
815561 58690627
462617 394237
20166869 12913891
20677379 55136723
606821 1095337
28869479 17416963
31436771 16928827
75789167 64720729
15675137 12359927
16922569 7812251
21930947 59052793
1650007 9899
6747479 24898267
31847869 34020407
1567673 3681589
87637699 36592709
50039 86669
1317037 7742381
33898219 33905
25232869 528109
1032013 5710069
1829603 471701
62591141 44363857
14785411 1459817
73729573 35261147
62289433 54962381
6910907 32522597
6427697 15356113
57733339 2869597
22504499 11790929
19928507 15806173
67410521 70951007
14842481 41018323
2266051 42648097
11878799 15017293
48536603 12763871
134551 3519499
7302497 73681087
47137781 2451089
101491018502399 1893487948408751
168994412799 29824341321
4658775917156891 978905925754063
575397809257 63648445491727
30166231916213 3369778139557
98688250404559 214830501749447
321201606172357 1019063290991731
315471484545991 64020800612389
186297019045937 36765695194297
814365993440641 1986955949424907
21731505626107 11260736675659
36047480097859 190224565196797
56184415013339 11287980503287
5567058264002801 753809791612541
158261037430943 109609333436579
6764329901773 11333860548259
2025006825473579 2485293396933449
148279849064749 32886397565341
582670328990173 294804885617357
2666393329238161 385613062626581
168819127976159 749910734863711
24742646438207 10014405441779
70829935979129 151358710577363
1811807461383151 243451778368717
101336219464141 116829131584471
222494108850469 431247579819677
86966109563357 533215063176787
28462260090349 1053901825509661
311996223331649 171716260944479
177764703488641 49644700576847
2594299559076781 3000893578729559
49875813641359 1798145638021
672949097774687 324334308762239
1130254397925319 103996587617567
269957953420117 1426294339705237
766262740821157 15669285463333
118615650460337 64658435365247
101453044565833 222841442601259
315764023353953 192072956000531
34526728699543 50393187376253
4994897509891 159180601575649
32970124457269 451351109911253
660855827805097 82108471833109
5217922518857603 2843363699645831
293167335619667 837002985048047
85533596853427 184294568548691
799209921755857 14919515876143
1839752020487 32562195561317
3111005231691839 3127903384123477
3225678569287 193428991981969
29830103826169 19964531876099
33243345453049 88982708330641
5719922884513 5819057806741
15054333863 13647951283
7071572186447 78904802199053
288876657959339 182340197573539
254442434145041 134368724157361
395842548967961 310773907897543
245231469946867 1092145654130149
55143255558653 62848296438589
508048359961 29380543755977
382321611873067 490486123013651
1623458727874367 75150979206013
18905736738991 7197958264907
311644289338103 101485574104099
45506220972943 339585629547163
321431874416287 367323997713151
65051710210061 41058036968887
1715133076458707 1873488906134249
2321381580718313 322420102610911
78407899188023 17608787791709
7804794727493 741202689901
10624472409121 919752758431973
1337049100782487 5248438867113691
44214635282339 40270758415079
27710581038163 40664134420669
46346761883333 49472601096431
1255422745475911 3324636846726197
405146223259831 420971425329347
825072662631817 128571739200997
1017770443549579 2311740799873711
1168112316692731 910164478119653
1949872440535309 3458087871674641
26359884214423 1583644610044169
1758851673825359 117609800610931
1222593540597409 582870946971851
195202703747089 164537016318113
203873390460409 929915194445239
85581050658503 737669616443
1534442640549089 43827883498771
6057235718693 1256268164903
4324183103843 47821742585047
115189143564949 2195962051524557
11718528624529 615611331015701
1302364249602863 138911744452907
12467140073137 40940220329341
79428546274471 382024875393179
725031764856881 438103468872287
31827692013973 492236576672063
691088324467663 287988771580777
217457131753451 289646684620673
2763718389843893 3732394497075913
858400033402201 319504925980459
1871877954781 326288208430447
3782786861261 37208231712877
71777307208813 205901081067007
159396661097 28523270736517
45566133014917 159463231861163
674091062599921 1148800815428869
46700607938899 2199789566383
3940907257732297 10047706097819
203656471429759 301296646148039
127350145221239 67562999655631
517556264519 1808310816529
458810394693463 3414926230609
338264421510749 2370564131471
263917122517637 1330267693334917
152965402682717 1659976756938293
3689286896837 60909009197
99818686521469 15110833395037
15432767524651 2393269446511
2148461453823329 2997188241177371
73014475012007 11517223136893
22878243229253 51772328988799
331080399569453 1437103981854631
1696720872257 2762454774269
124038187147309 280470691181069
152358919522871 742439500570087
19933146380879 50850753013103
478611455484847 187877124010643
42869412886541 200235218044193
48742705104259 7836249163973
59119709051783 39612217030627
771168794683187 234117671926037
285344538325409 55526891602319
61557725855 4082803745
1530277497013 1112401731218201
896929433586007 191659896799
468870871738543 111195982102019
97354833179587 293655927918239
1561669167356407 571772653587761
168058377311953 173412617953759
12223244093299 977793301222553
85664495139997 173804101987553
112986650863133 2433307663315993
1109316385371827 181647963210523
87455864774959 2529149541983
60680934439577 936923556383833
790890486880861 4692992234401
4322478400267 42626841211943
445292068829 482922266759
999372567733457 2018137655587519
15267332949697 29150637766279
66928098943337 48863356984721
88821961083491 26211808570993
1206006600667949 517599090798131
7650884484031 19226979268331
7483540707341 2898137717141
427607812695377 489835292752753
356608399106963 879565495046681
825859664895509 352421458134061
186344802450997 91137112850041
8496927015263 9854605218803
729174912885767 3196851604003
433277362991149 33382674194893
96483037526263 38913752088011
39480590935949 322905016325363
4887998698643017 3524969742006533
170373497952353 1307800520041
37724319612829 155701164277501
117242295355621 1049816147560189
10321278307429 408863790975823
617389643023003 1505200786965199
596145513772877 693433735143973
2903804649329189 409127254628341
4629222730421 36084470602003
470210979468911 360867055498771
72718026179959 9601778463713
508514280566473 592369104819763
935003566093 1247169076273
225624189994591 879433100396959
357024960794261 11256318597221
456374501205199 884073724635139
393964224767471 70288133514329
134129577131873 4533854792119
5499655339807 5741528628961
4627769432929 165526441401917
3181695681161 4183874169463
220109560260521 33862788126841
51514214137487 326200572075493
93191018558387 21745615385699
1010105980555873 135891578161439
657400213446233 84483007208339
975577720618337 8278511787181
120137739454883 2158984683071329
115075791761297 68437315905967
104355110852417 83095911829097
121889903065687 30188476206571
24275275291243 8538968819803
600735666021173 134290696956613
869616947143834999 18689380537149833088441041
15913439812129711331 26300895418215833450952263
7028297018732303719 16770621033885142129583893
8098032862115099 128384900120041958877301
15107792709914651 149346180109914689047823
2927135885630839 9840260345871312447451
38571865875315389761 2563504125606916493746535969
26894304041358925427 50942528805517668173045561
72407424654701531 110849028815369410628501
3265095719841836339 52661710709210014418731
799349629741832761 20965796566762284732886487
221659448035224523 1082155304637236856764321
325558089389415053 45521975995095552987344053
5486429099704133 13894334010414101346977
2999310829008213001 10842011837936873831506501
1672940320722740471 1144506398175002322460411
464324085129412741 20075964472223464279146107
33322639123791229 81212033388754403450837
87842556657511261 60306956378929184760877
247895008153318297 421056669080652731851859
123138085924990391 110601061881356139357521
19551839302096613 61624916241065960225986099
111349728090157819 3035460786339733895910323
1323781687519342301 2920531153207096676240137
7699367877326292509 7774458199365352888026541
1310893690605060943 41127108665708760648668497
124764085618571831 1086183716677432037952787
9927185681567858981 4057275617418594248507317
42700016297798 178322586905472986078
5661952638069382063 176859275270621374415626259
352420749486341309 24475736873056745925257041
5104709088823073953 3975198703748496368859709
287522313427982141 2956651377766303226891423
31113031208955523 105429162132435833972933
1754100823646573669 3138453885388479092964577
611843177524483 147942234893074056686379539
12892878050300188981 71548113313265883282479377
607169042344831 3916873851116957140879
118610576411580067 33895271970595471331233799
54282629058940417 16916460124289733085873453
2385422579246956321 31413214834063331156062733
32065370417904731 44999037640315382430239
6344417711569722227 65098922118454543386120043
681339502717292717 5197659530432788310010967
2644602443756760479 6937201415346495933539411
358375651692597323 451232394074296367325209
1837847855785439207 29970453567232652721699577
4440791520500911517 99871866844492116030265501
14090883108276059 78543182449499736762613
11999386288925473 7221736319035846540859
134649055044572023 4054462250463385530993719
3997102443673494527 8305352774722222170827321
5365220814494077 232380896731393435123243
147047265451626451 691138746059261192169241
808531040562580603 1270659753266872787057321
390574258005825833 26001656875344072553743173
2027437381132606171 119112761615311017903999071
7163620856913638441 35757741454812919111673683
5259349787511349 89537785266795116991013
37897826999196503 18608221571433583102199
434034326718758533 656310237843305758931923
15003725161870901 1876086895250669491566067
1227848605236747587 2623319669446787468724943
90774743683683019 661279807029257671736981
31699759029716429 3238488821703498262119929
232553639748544469 796001624521757427235157
2310669751529521373 119892228105161519980637983
253529960503562279 2124360403068904994362099
1839532707242085533 3738868255739976553638959
3463857763160967391 3627171078328467732061267
723541371430136219 25495098543190333400124127
5653825475535663557 28698745373463760764587969
98136022189839 514704703569105922122039
2942063253621592367 830403064110667193899397
150097395613541281 39277827449403812910413057
401667415302133847 1225963233412022437616069
3984276117962560003 7628879412035616860002751
5058481487285466959 52655170973569770722909201
334275869918741713 39777061656597943068181001
229341600577382369 30451249414642669272751321
25333019333783099 5481464320577221678137719
14380027046237052527 19339662546168218117198821
12219944465412190921 973852160855377749233621
1176648945482385019 106502035244285688749881
36538532903006513 104805193637589216333763
6704361859884986719 18573210056865920104263457
1005815389973182583 45567234754275281245039
1737887951670858569 6247473224340279219707
147736661556887773 920797184910177071476019
10206309922962176533 99637479423387433341777653
105232428566223989 6240115399030206788631473
5711172532189346933 5402598976857454772617759
34962449818712609 3117302387422959334459403
8711710358389769837 95659673916589959059310241
1675241076189299 13340716286251089925499
1640526467557945399 43490158571474422017283
3488005153183901 12430213917378808014667
1271717353017830833 165988244563338334634339
1755132884371099537 12218782305097538463009533
223541690391339233 11349032907959788489358497
405651529445451329 3588709782604586386389793
1338001783483245239 28417946472868790766151
83737478615792647 89495503613476088497276267
31607120645838121 79221118284401004615437
1134869415604805717 14524836564086060303556343
3509454732207199961 26181578191464972046591801
762196424210647189 687638793814728042521881
2310658734553571123 1290222264436376299364827
6398647419151873 46581918838694306281133
26726405836832078603 261219983301206768287225801
966384240377159423 2982754158297166578584459
158228636560582853 966765254227790224879691
100314208422258179 1510610044393252190330549
6913498061221789 1013010169876321256460481
1012497200498609569 117830533261816346647842451
30115289811412681 440087114176723351705837
1450333099883410823 89160400548725187171591427
21766002721267811 4462043900260983924136481
3263648226501821783 510882521554061942297813
10096785782790821 291956101441347769410224651
605278019034802327 40264853266250098903480411
994901579212230839 264537281034714851424557
8134198444549465 97876243553773159638535
265594291642157759 2319859046422841489000689
345158262325766 1853623639600033799458
19008452967071776919 163462246124816349191342647
2521957344658900321 1955422965747388399169021
3088673962702385 43124882423690765772471161
155160653557117531 7916228121946065933341327
254558904967623449 56153413861635398785872511
367952300788891097 1224102522972413510115373
12955603422578549 196598762601432244499107
29322063533417089 125444336666986311714757
11542640329390645583 333971788920936706230697397
87878090954239697 8279299754914730739498053
552569080077038737 138839251307303724626898503
13714159573391756657 183556118836958423050137569
10292048633053061731 2219051219457768294187367
47006969758741501 376633342837493827541117
181890374241878857 5617903340847832776550597
5441681647975365341 44320631439039722265885817
272059510173650249 2046173520923698319608957
2162471437271517329 104517413503831299956896337
318183436743129157 146360007753617981276423773
303641157455447641 2655257513183225087071
174265254866729197 10714735089654265366432129
59270353397809979 13371187435027162600719001
745219842777587 184026099093407600242691
904517550279349759 2984887740187316814912727
1972049242115278721 455881187445146920818731
983888481031419049 85707657746057257693260767
1122487471081691279 14815020958400938136023523
191738859394570249 31659268392391882427143129
62798603680559563 18975291820850749344769
81462313338661571 744403847708717042398771
3240596499668036107 5017363309013016362667743
358595554161028271 58957715114873055735269401
21082728289188121 186823217171397926896369
512243160357350881 253035586240254723498953
281564308262383801 72097862297000515452569641
1080743406081188881 3443172370909481439919397
36858728729036483 25080810765061389379089743
6577918396810587493 28314287582664213256147807
172089127652553077 2727876939585410429355629
824666098443791 216844204305441003164513
58400937100840837 4376759656930077063502969
3042776831592390209 871715708910211348281241943
317399991708384251 38342707222193679971286541
453354751029542981 1322523841639538870607349
23820004280884013 324260087213017419737489
3132790549796219 981819575324099036013749
128056021083019759 5456532039854772483592813
3474555999686407379 6160228849373765224406027
23314620251669317 70066671934398456064879
31832136510093047 60249421874695560638108777
75593968289649473 10966533391973760201751951
125302993608061069 10459144699384341739112351
15408624479837 97118906085941812770349
50444285231891723 185773909843099508740319
13973846857644222539 26608934128581885435918491
9878587065081612061 4701180780612832238116487
57141157749311057 157897909823236069895633
2239144607473495933 11421514659690940581670819
596675102133492163 8262201273143695553861561
1287786191650512431 10660604555468832292709041
2159604740090673881 2322047554653163913283061
25608688497774947 1576693173163346236217371
572919009432598067 94883625835476037761193
5274179402731173479 78396578994745277493804679
1185043426484910913 48452784074677450079511371
2945448195856784927 506640452814773596230052027
101412204967489441 3416596989616440113922661
168728819317403539 40343105286413034312454057
18304907388638940241 30601961709790013973662411
27616715589372389027 42123576815336993481951029
181885982693864663 322241462725291075303399
110985902194493077 55535352554412786172759
104389274140078129 32098712346960041895439
1274895140165267353 35010294424609075997384941
103905216489186743 1699702414063342142955353
835749330508383335981 362500408187080203967
574003665852966941687 12180564940389496230571
285265059177577880857 149783107358162380441
11625823021574743414231 16213839343421058812387
14017591649786097438451 61307727367845485242739
1428370169728190727667 61834644478676527681
3356137897507821609451 3202861596506931524819
141192474856163116817 822289158590191642457
1666715319390540059287 5172010126026079858999
5648481019379231780597 1306531527557548291117
708726830022694387759 203077898025996796417
4451232636132332281811 32663683231520972013497
495747712294779524407 38399846703214062127
395420741966139876739 92995101747532636573
1368796919541983465671 2133204685062496497421
47070533489744363539 1713668068406745904991
190152422243554488241 618715817276571946901
32145732113158757944273 1372937059424562220733
13740575439765589011427 1147117870213741247597
101136993149761629637 18476847655499521147
18354891832287243103313 8841280232063260337359
10369636648788468890933 15947816035548760270729
22994642467797214355 470532721563276230119
4108309428619966992077 3408853273260675818729
64101209494387911829 445432425320246491021
7104208069397807087 10615518747662631041
278776823768820978709 1482939560434730965493
2196946596952821243071 2602991758556953217579
42145095211584172681409 68266788390689150945057
1830253406931317983987 13537513661772240578873
1610713999040556631939 590273891993453088073
31211704565189020591 3448132336084913817331
1029434517631823353333 3442675588891275233213
101225766363606996053 2157600495990714522023
99038918265395295469 121224976340343847627
170718120924873631843 4801211220538121851993
74043097091754761783 7236522320305664321093
119390541706038372599 593159078379675938881
13842265168001658841003 18151483157963855885599
14667789066988024627669 19497711259421581245737
4177128934382579725723 9934296997235705432509
1033707802672837080629 743657204234152379803
142546422850891395883 17326981369485105473
941590105175329159351 770510003147083588021
109170393264895921499 57808876760935778591
328526796409585890913 188285200920220690381
9838774036420558556191 8994079158639892000643
2306740547011905381563 2083001540557955070187
8075775047321473625191 20033999171398451785549
48236994914519246603927 9082784565615553214393
227943431963817815783 445294391838263396531
29775126660643556793077 35986376892541315581779
9486359938574827069049 2160222216240974832517
44772498103357174327 97821081127719611383
9020706816986105872357 1718552967103625459701
1282511382819039742309 1416579451488079278791
9739390882808865263 47803305111843749323
2450995387649978651917 861614089562473441267
169176097967091550871 331954032386472615709
13809597367182150487507 4011896042515242480349
12521774402268398077 299486503758007475491
4766662737977342872991 2956048244351260015781
2978064222742827621407 14844777389043983029087
2339899520154212568593 185417553399651066913
99996613343863416986389 84825955052569127060947
169497997066390845197 17111465298587945459
532385739605070498473 246891055498955675023
454162240928722170121 2364951247213321414541
524735975721825957673 66754814310419538377
5753409808509575539883 3770678168690941354349
1711500417571265149 127550257693441850321
1052550648649683288773 618701807285765402819
43065736915192026001 284974797221740503221
32662306946138320817 8869053788016248342437
170741352480017542001 8227674356401176869627
3361608348887628557813 28282772518026269022743
133268219918654209681 4651043457841990919741
41253403663562099387689 564186664315322808901
1863520794759242 5702748295758521299
6598749708067051628543 4470327290617097241733
1147659956369883412829 20403183308392228066399
238447826297401369 17531372025052280483
12686375282712018242897 6141241548297180993893
626890841545574173669 969057579861685323223
43012979169537781123 9460865867804253241
2735505272274175102901 22303927375506857726273
44837302607089852242599 2702852053821083731927
362688882593094381001 61691794178172349307
37910243845946423265883 95071003856605949446333
882445483762822829 300611919941622271
1446176050716198927259 321574728796913526071
3078337168799504528117 1065548794133490721583
57887624555304198419 55500823763259329843
1118253185319370913831 777589984745755007581
12756030276042778518679 3063088830196992429509
3138433581175951091521 41258908829945089847771
5764271394846780433 42742563706084565431
617679043529625544549 23825875644753957945691
2464867112881053052147 782614862308232936813
14497204827112173179599 31509126525763243660027
5083484081023345721 8470483259561255489
50824119152739293663 344519342959500151207
262213485481752683969 14001893542223343168899
15504949570923987878453 1037941631070090464611
7981348640958342227 465008214321850257869
937407402399299464883 6641615436184992510931
5371110355515952297 48690852936286821629
9036053935581710284729 4755855532477026541237
110573518910052893087023 30819695884012799604233
143494176007435096251719 14790483522182574129017
25984686468402745209103 28561841424576122502941
13254376270954982761861 8273165521752990487547
16876457477279622217529 44257547135833732073839
46631099971598972694737 35905435243464567205279
7677133609730332277 6809275016044015649
7977183220649580560929 2142901044969191807543
152620750917409123751 77715174480468867583
18708896129998327613 1100225766143538863
964783734417225937597 2132001265990077390539
296209289197790555459 118479693956492464579
796362265204545546233 3143292948062517612001
4328500817040694949789 51091965027570152118889
16970002425143817508909 9678483118777589770991
6100956742187789071 4280982273067143591091
3521937508191903668291 16255794181729879039019
76374644509237547387 17586619714544090477
151862943397997308903 666145895070530430263
10058052318183314821147 18005811686433991731541
1710144507369995169647 172944209276459468927
55141091456955362375887 132817152050729579423
5100619261595648108443 97462578025047321841
1799894721221243549801 32451788744871607610383
840931393096397750699 5813094311897623768993
14040646811334426471407 4167202615507880729357
4627126507137688044251 18833023072951771282097
67266976733061885667409 3193691561619808118699
118998658954632832201 277724419550723232551
318318558233849757767 659558406082317046091
20474011384398374837 131630252849709482639
502843218423286065103 287850501743167556549
5965576736388138290969 1263684878734703217937
908898689914514492423 22426894129141949237711
79673126744739843431 4230173209720258910051
605672744391113315561 12063668958488151791
13109762349132792284959 1524597882917891755049
398336839649834714219 9059346869190870447319
11606534700778162235971 3245655857763227723993
1371809708400198681673 23647068749171999105239
87382729381518109685057 31353110660282040138601
74899354837283158591 4249139109712940767
3871740554994576685 61115796605648089345
170146846989421473461 2337668533957546649129
109326446659706199467 44774198786367108419
6178273967121834498013 11572149999571803886339
1684683340202441350459 24734497651589352135167
4370940142632260599 7423857994351202827
8282551451682343050871 967258611034582138273
2491472471892706088477 139495934611842768391
1313334504761716369733 677032534870961964923
28300266599979670209647 70389536703584352607781
295303565164274502403 15284030087982116565361
341602856252585581231 4137151175217948059
21428783321936285597 11919079724811427141
6755700210774537709301 2096677638664478537891
4162753803434697320627 243189924276751718597
151074565998682818109 19650656765656300597
505435170756618369503 1283120454316649507849
2408406018001122928553 1050444598610131578949
8659476233505300561769 9477728269455643827391
2112304702659567925507 234472240657881394471
2124223585620901072457 1074004599890666029331
989941336346428086487 1455236983359390919811
3073170213552679012727 777476949117675585187
274550487393532612217 586536101159877002789
319616945691288239959 314577225068017538647
2653876468575620822773 12806583914273800652107
72409420702230926939057 38052745499453303690411
90637772122633993708361 95623642035405554299403
824617979011576198217 153089818520977096037
10613683653896927409167 666063021289705567919
1535791205997008644759 25860508771158298356073
2632903813639064844479 27807106967352592736807
182498120386773332441 806287088256676068629
5306185220648934664261 911257769729632857043
1796673650092066712489 268342826835883796933
1410532562284408112377 1847816282999134434841
18666133099039403711 519494472617269496707
37447664935803635237191 26320806928528686089
6044131439383752632513 655417999706483664029
425038287384893127983 14426741541172278318797
8356654220386530489617 1288392474481846874863
11003106841902528433 64119457966981895083
5667324098909111449819 3028740343156259409049
2886705343202538893743 4529276763079076850271
254178411243240277897 7282892862736457875747
47529569386647550937533 1762139147343358457771
4752488118827080753 6374386917665604679819
5476626117593647467901 4984442443367322544823
286912047272669764987 170786093341218211159
1191393518731245004141 12386570672210076036511
121074968875121427941 184612562064157304453
7980474640779481158841 1296421064410288180709
461959324648706356399 1715895582652529658329
438086758153783259693 5666567674490838856709
5936796385737081980021 8475904592387380459877
1024498406962931793961 3411886377766327141189
7928208151283272054 3461848552418574074
13290820686333079681471 1419929116960313513537
1114797960355535238389 8132489018809268061241
475220954719495125683 10472257302108032321701
2537952178430238215033 5232915872984062201259
1325366200329006026603 622056026232887655473
58068679808919812367553 4645773404560012424839
238350334138906354867 146930376260497558649
4579703621637775189367 18939325275355867819147
24483263236644386041121 52109984583010442128969
12057376627155986315509 23483018973805744943389
26140157068703767757 8752977409088930543
94082589119607460091 1227824539861339253983
3146324823013559671961 11255764643159309074093
204979850329708474079 267124306805484418217
289302285110561394583 2892375319437325784021
262277677356203585249 26535846108962348321
559460184022808602297 33184481470509417547
1802171238661312404929 599153734443078043121
5499692283892537793 909644141976383530447
472256754398721954007 284354556565141139521
14479589567102889049459 4308989185085550080699
909495777491970676079 12577241818137927781
20884609298444888189 94584868958947666003
11691553073301398779 13446681050633850737
564259095284571330367 50260166347030151599
201918664258088013029 1192169557653717422333
5882588179275886297 341980396371062252827
10472126238369604993039 5838569858128621346221
123249249113091307589 7720572947072213758037
308541251655040126741 98940192146912722717
9517788031889616293 18333147530674281017
607228759639656539173 1931156809837234048999
406217849449251011 7298652952820170681
42443482702394512709 52142840945021721607
325913582341107474943 218512832277228746141
8097990154144451912227 33291767815074804701359
3643718161537260629327 13220167815948512684809
1518304698906097097 18805812706600859399
30078153053485042169 8115241992868756489
16202263192967706269 15922519985848390573
1221257488277540756323 603431628598945738747
3231522019124363946559 167764711793948213093
537610087279362757333 1079757645694087986371
2251220319774936771631 1748231435848177248587
21353614145316476274677 10676407223429245418
17538155164757348101 8296426172620856951957
160371159951890348633 47810831795660502311
227033960813885336723 6662924632708026049
16645748611324652989 3158237294417241767411
23617402560221645057 3676990381478791703
610905093974913342793 557389824975038904269
4780017826017080681479 75029043791696552681
344579058756434967161 38094431317401288919
4180929885160677427589 1477750290016355503153
669314663035584991171 13724292260333993489521
207432205394302434613 1230437466350455464301
123208558254514154063 28922737085262717077
19028357595754495592377 512435952554565877507
1512779318373169499843 19850577978036744839
7886755329560495862521 1527419971262188303247
697901733782508436889 24155514400861549490297
2335718098404772603399 40025638616206667441527
6875696846498134172117 8659431579497600988797
451167480291021816869 14383012830696380586719
533479048668180821 1386559403483689511
189552802253187347 604300154395744859
7913223052376392946341 48776437126603131990157
196275838820702850497 51392418353982356423
1082193160139045947051 1242594319079388560977
6786980369036991857 155701349377693766089
18751781519830900344523 50633393915578627569319
21474037976005214814133 8184857575702360828967
1271845033956292243831 595596119853189803147
6012960343052349390937 73496850735456743613287
1023871169351911331873 157565630648557560071
204303691841066778318313 1687120950630854528749
87426508379833179418417 1819293241979517340483
11438512987592050169 34554966395777987
6458249069057260157227 8866754726999889793091
2122923017144277895 915967839483822815
8583971842158811063171 4668964181720653252513
2538261201372512069297 57269510606775020387
337037412658327895981 103910653217862261703
43435548340409862507713 1573864041700006382197
7096712449021413197249 8990860180393161928111
196392295172258021467 52724759184386392417
37617824226015656624851 2315695256995616501471
2990039968834968633491 30333062677884882601691
6971262318798975267011 10301465732069396389
458335297132812168133 1394016389864855269
832411093896550945951 8816575754640520102133
104003073954138591997 2100537995210913845017
34883034235489011956687 70221748447254700999777
35403243219335430841459241 931205003947284590060054723263141
1788912376755934539114371 1752605407495375046430856902491
104548809329285175089782439 29361753798497915717777039215103
9590132755748616244937851 18167234742491962261208718030587
204671374741318248798781 33560591903696018321901120957877
2172006823471879044467533 23890536323669479695898878681377
18566443532926362207065573 2885233232835159905562191848309
2648722653030362374157933 3123459915578836362716066380343
2176971711569553445856473 128522329885336095286190614151
1994471634189925123915679 11621434635949349050180042227301
66927027859641486587308393 57245600791563184970024433406593179
12802873161923747682908459 27828742667627172969945433186367
11548575623459504580972487 183846743106525317432488640913761
1461584405711439873070157 128504771498645213073650661912601
3239508041162307247032251 640783903638684773732839343897951
10605791088294757800835319 901166726908005000277395280857659
310019219669891919416323 3247847594074270675381644080843
39480876898309885485246361 237675520983683308187899506460567
11214231240393795166854271 236002034449533295674803036400353
31557693344146038356702627 477353256117748711563272203413247
7862376643508618778640999 24277500636350195979068423899067
170356258861799759197796329 1667900091374257942241569761342697
2712858775890137929114057 101545210197378156330358172862361
2436552922053855845282869 19075657881391226790527138252089
960653623706202664689119 41285131322432568200191381609253
3394081496976881972065697 41310078283674074711441346061601
3632818802765149676408021 350407797951939501181208178611
35708262934636463908005817 35561290174739441993297490778457
647243477983619623897315457 471793972793680883667156732907823
7183937327165515088999987 817867699058601900833232807200011
927146390519169499545563 159980010007236568166499358253
4577479222985584520558621 21059783750114370791106992222263
348006435295836198331057 953654030481816965022825843001
1040274841360100214139919 1098340615183245327006334494119893
1267730870005662620123329 1043929621019433477908614088066557
8249945586777144920170147 39049819649840749805956441829173
19898022364357494594507 34474360773599909692657986459
311705603429832524376982597 145035738148059492902888348723119
10797696120101202798392927 21586827927691821937812696139271
299838956794287267239 1585302828498441656134542207709
249907373616445662254 12839546814643818020634839157469
1804729016118585256667 119419388315398667012792473167551
805937980953542260449328567 2278773862314911682419981027093191
62847236488717581014069999 127510591773047359189498115155123
253056526595537864809768759 966326609206630533382527328130773
6736493410754433894928771 141092504719794642406286669353
116944582057813857700487 665314546457988278631042473243609
24165165193484428107112841 61758509764968668527666462812911
655764227228944705739 58045068265770184609003654549
1061208807070452323411417 6819781631959861254643168421827
14895635961567924785277589 98612286736209299535330994152967
7160845173252484060628857 47367983916950008196368034744903
50657896325721001105899983 765824032504633878484328500716587
64551218869724458472639 4977021459487228719871738495409
846481845869716531998361 26722850151496222341144408020303
579471384963723215760299 1156925699953088359330523625071
72356520048046394778338909 2792925242908603022444185380269483
294908590012131081928560781 2348279330967022321848067336469327
8317429612209419178235189 211010777803485802834969200191
7313715619134681401868737 1299492481384840452177064244283091
250571934956722177350405241 899572146716223314839969239770509
45006452350837413509490577 15911063274125641582845732628399
207453755032412903756713 23208790037078618042345102299499
421306411651145182750891 13471363625161419505998218267
10430073202560571064801267 35121733449272031654913596096283
14649977741949613313083487 395081473368355083846839919671903
4487039316957157269191009 24604555920542575126821747370613
2163677297831077026063227 864463240951043392369977077479
39387317801172835055 2869705833556762859056440398569
1724308836363813311289889 3901256654970153029028997103
10074358582294769113383937 1571619398937574555409482626463
19095844154694402822191 78130358863454590415754336559
39061782296605684720539079 1306200132431425807599164516311
55859853715006859668514387 3674453304001710324923970924728333
46282928554073317421840927 500947564444540667567767148412461
38431718977169123127555469 3517969096522239173107765571860231
52829500531052491076424589 82637184574837788093842908904597
594526191606120654387197 217965054302198829573616650685843
7260002374108724246090687 752127750200644756193889811020913
71258582206817502874502651 29601152556469950307788593066173
131936274183946664097956347 5283902985028302113184742504143661
10476439311378753033617 85946181202227716425703261521
12175332762803192371860743 385055282424358719834995083495279
1565145884433808689003169 444003109026827225987753245349
7297882271760165551113849 719421791043524954748983636987303
30426175745840515734216553 3612624113501233511229137192977171
91022082467480722025479889 6253159645093684809610959362084503
22283239514450199047870911 7203663850328769755445738382391
16380191101700272988777 344737659169988474471460144742811
34552978415515383434111519 3430658661304716322206069230652371
411571637062114278650689 23025047069088444109973810974289
9843711953819562189362861 853607324601017546651464781392783
19389027571197608470278659 12806875960694580657109632880063
574396021932263486616473 27207456753721285472135709856933
11195682648832984603218877 100026605699043735984853297410511
443000726916270933962621 84323826142449748816930539523709
70156461452600549920381 13362077913686712767741557907
28192961965454701053526177 720355007668010152310148196061387
26114457959324676179563 600059754165600607621837434969247
191550471168644583041574743 3224343985003594574005629872000179
88484896060813950118271 148161706514467329389198298283
1650241396702046508962887 6378092401310098911945497411671
8197343407813013760233821 1859404383330594872390148409311139
94475376540871989034 3200819162398802679374227334623
24718199204148960919951651 800120070797086541114071314642383
114870271461781736992877 26693368633118494638497242989799
239529661138458680491871 591819536935307157045898264189
63263952416144396807257949 3579029151897842106415665887628979
3522656307210333410855473 30487511489854366215602446139893
47553401893738014581357 529717831361609959564555855793
97662776027185078312760327 1578839875527776711832094318454509
121902049786859069210810099 85475098408968902679817535750801
2509250253819107633651659 28898729371979489373142219675493
108401374050975889342 231768409107498235474399658560853
21477978204742820963353831 3424946044095555294786210831229
12294736897920680675605409 132183893413363879223561763100649
7740050230646064113308783 37909148418727478164251437077351
765234299949962558202343 1015288013040593276302928987953
396838386017636635539491 3619600312569710726001604308949
1225771259458599821947 11894875249683977637087562516141
12575250293052726057719051 691785899059499341864005792834277
28208026822018369102573183 426806220217387449067136376748211
25673492648863567830241 6269545480147048826104944229567
4619888903294150255192453 39226001807645125876009979713
1423200910463860736126027 57176423541970466761165135201
165075930870713661359182913 18007039519616864366383133376899
20269031513594792513312813 173737995593404392718731951451421
1811940804331494803743951 31806901805413687040537823767009
3812305420133451555191089 1182485472121845929218059926569
465823304920185687682181 114516278679854825064250538388497
1138157778085102921754401 45135141357896989953931649565169
6741374415389843969292013 1123393670159309294240504335279
4254601803097356920783669 18505057104138494451868880934391
57825428769689969310529879 244291608463338769816880007457447
882748581994937091653827 514280742331423989609768507643
87867619173284218857109 32869616431427390986334283631313
690278131646294535998299 90842149362682724566069939950959
19839950075629204649831 3703274066848071137574297727159
5821165285174582413849041 53645461403346242460093875600969
372279809843773998593263 539205318577422215649011260317139
5934499252288716432326 289886580983428593526257109546
1882321268564209888727597 28692968625288990970313555733077
1382185153692873696979 93954789604968756681176567987
37238962480339456410319 43243630842772279808144718713
166167024845249842156079 882704509299248448548111021843
136981557715962035390889359 4128517168714477621593389082368833
596549159863203075595459 31704557971139962690908641295559
1411153759277966429815391 532829369113723708918755509082403
644413778232612176049 5403448556453262186972295539
80129542376061037258418809 1003837676753739977420725491740639
15743767698401630069389 127353772898555837801628791563
696427278389643485020717 247449478317145402585282414216727
27924917846796940888846703 24673918647521080770124722928471
1896141968779695937399 1153352429101748301139774951
50164433828918869023979 13359528030531580757901392480231
2643426651778538426745731 989614560183727814385029285377
2569619727992934778251347 79747339433815970426678183026741
821286064815183512465153 971871789853949590746078924761
9333196715429664889680859 7863412917862696078575679350403
125013123941447897041586299 25651077939931912582312512154253321
1857359940220119647358083 257845842942882538111939264250117
15820181498040277705291547 269776936577761106028949397177851
6317418312676085365062269 24189930946979043703902156637741
36832240652726519651486141 224184697861807174068960486657739
105696198750749602381247 9369112378326357600529033507541
1025851298935014389850769 5812987270676361702647781229277
154730211870121236594457 308331013334419969065362810510573
74683302996566554664863 686997962020783268396376263773
6074310094035318152943949 2544346459000313208343904792561167
10350680195883671951944073 1575813542338459645786394970136757
36542223328951270115767 50684945906257318204040068960987
27162148688178466313212261 444590364623912895179651503633307
11404017661714725866868563 322624020214740980305560184512133
2985883912944565094377397 6000997077112964636843879336377949
4282623855416742626969419 25341337376623604435729929247
44310747558438604964125193 203455337018917288750579624087721
98317998392524115145767 2722709858765133460991623864069
1387825045309913524826117 320958902200239916810901055817
3930888008077459060741451 1202753985626290933664811748057
43287577757191839627800011 520810665496317175080586608574079
13177032767629611054145549 22264143544484919877775779698911
49962750741831005280475279 827611557833309108145704193920033
23482447123190346705901 3581944272301751735339996543369
58959966874605696400309 1643397769276994442802450684757
25989485697451296250170749 43165087109571081467904224006603
216660578562377808653603 2722527284281780255847535035423
197660726504626526006293 121213512564426813628975087121029
2282779297476516029130673 28927548575526876655682462505041
2549678217750265363518803 575959060279378795991645392417
9454669990388214782117 75634057422294224366927839975259
235438639111089783484103447 148832189801442356899735270077637
83136474713882011215243169 42589267150481581443684048485843
23645687404117415796506177 1779199824527772299214204082723
5935646996130254577218459 2775548126499562351316471648597681
9213781117917831215437967 412877559611565580014070871421911
2214555495614570413954939 4598027112839038331634486733591
843207848137656208807367 1763985933660901486818975995089
1491816540434659035302093 144841877329452916537740400109123
11973119893536822313626743 78577460953684403399100388869649
1537932797383629706306549 5817739901495793178576582791481
